{
 "cells": [
  {
   "cell_type": "code",
   "execution_count": 1,
   "metadata": {
    "ExecuteTime": {
     "end_time": "2019-01-27T10:39:49.968328Z",
     "start_time": "2019-01-27T10:39:48.731530Z"
    }
   },
   "outputs": [],
   "source": [
    "import dask.dataframe as dd\n",
    "import pandas as pd\n",
    "import numpy as np"
   ]
  },
  {
   "cell_type": "code",
   "execution_count": 2,
   "metadata": {
    "ExecuteTime": {
     "end_time": "2019-01-27T10:39:50.081414Z",
     "start_time": "2019-01-27T10:39:49.975493Z"
    }
   },
   "outputs": [],
   "source": [
    "#posts = dd.read_csv(\"Complete-Posts-Compressed/*.tar.xz\", compression=\"xz\")\n",
    "posts = dd.read_csv(\"Complete-Posts/*.csv\")"
   ]
  },
  {
   "cell_type": "code",
   "execution_count": 3,
   "metadata": {
    "ExecuteTime": {
     "end_time": "2019-01-27T10:40:09.313978Z",
     "start_time": "2019-01-27T10:39:50.083967Z"
    }
   },
   "outputs": [
    {
     "name": "stderr",
     "output_type": "stream",
     "text": [
      "/usr/lib64/python3.6/site-packages/pandas/core/frame.py:5550: RuntimeWarning: Degrees of freedom <= 0 for slice\n",
      "  baseCov = np.cov(mat.T)\n",
      "/usr/lib64/python3.6/site-packages/numpy/lib/function_base.py:3109: RuntimeWarning: divide by zero encountered in double_scalars\n",
      "  c *= 1. / np.float64(fact)\n",
      "/usr/lib64/python3.6/site-packages/numpy/lib/function_base.py:3109: RuntimeWarning: invalid value encountered in multiply\n",
      "  c *= 1. / np.float64(fact)\n"
     ]
    },
    {
     "data": {
      "text/html": [
       "<div>\n",
       "<style scoped>\n",
       "    .dataframe tbody tr th:only-of-type {\n",
       "        vertical-align: middle;\n",
       "    }\n",
       "\n",
       "    .dataframe tbody tr th {\n",
       "        vertical-align: top;\n",
       "    }\n",
       "\n",
       "    .dataframe thead th {\n",
       "        text-align: right;\n",
       "    }\n",
       "</style>\n",
       "<table border=\"1\" class=\"dataframe\">\n",
       "  <thead>\n",
       "    <tr style=\"text-align: right;\">\n",
       "      <th></th>\n",
       "      <th>Score</th>\n",
       "      <th>ViewCount</th>\n",
       "      <th>WordCount</th>\n",
       "      <th>LinksCount</th>\n",
       "      <th>BlocksCount</th>\n",
       "      <th>TitleWordsCount</th>\n",
       "      <th>AnswerCount</th>\n",
       "      <th>CommentCount</th>\n",
       "      <th>bounty</th>\n",
       "      <th>tagsAggregate</th>\n",
       "      <th>isAnswered</th>\n",
       "    </tr>\n",
       "  </thead>\n",
       "  <tbody>\n",
       "    <tr>\n",
       "      <th>Score</th>\n",
       "      <td>1.000000</td>\n",
       "      <td>0.577167</td>\n",
       "      <td>0.001391</td>\n",
       "      <td>0.011142</td>\n",
       "      <td>0.004497</td>\n",
       "      <td>-0.000711</td>\n",
       "      <td>0.227273</td>\n",
       "      <td>0.013444</td>\n",
       "      <td>0.039613</td>\n",
       "      <td>-0.004158</td>\n",
       "      <td>0.032817</td>\n",
       "    </tr>\n",
       "    <tr>\n",
       "      <th>ViewCount</th>\n",
       "      <td>0.577167</td>\n",
       "      <td>1.000000</td>\n",
       "      <td>-0.018125</td>\n",
       "      <td>-0.002054</td>\n",
       "      <td>-0.006090</td>\n",
       "      <td>-0.006467</td>\n",
       "      <td>0.370084</td>\n",
       "      <td>0.004347</td>\n",
       "      <td>0.018050</td>\n",
       "      <td>0.004011</td>\n",
       "      <td>0.058519</td>\n",
       "    </tr>\n",
       "    <tr>\n",
       "      <th>WordCount</th>\n",
       "      <td>0.001391</td>\n",
       "      <td>-0.018125</td>\n",
       "      <td>1.000000</td>\n",
       "      <td>0.208272</td>\n",
       "      <td>0.260046</td>\n",
       "      <td>0.083224</td>\n",
       "      <td>-0.035118</td>\n",
       "      <td>0.072458</td>\n",
       "      <td>0.084041</td>\n",
       "      <td>-0.000527</td>\n",
       "      <td>-0.011782</td>\n",
       "    </tr>\n",
       "    <tr>\n",
       "      <th>LinksCount</th>\n",
       "      <td>0.011142</td>\n",
       "      <td>-0.002054</td>\n",
       "      <td>0.208272</td>\n",
       "      <td>1.000000</td>\n",
       "      <td>0.070794</td>\n",
       "      <td>0.014888</td>\n",
       "      <td>-0.033123</td>\n",
       "      <td>0.020353</td>\n",
       "      <td>0.074357</td>\n",
       "      <td>0.009334</td>\n",
       "      <td>-0.007131</td>\n",
       "    </tr>\n",
       "    <tr>\n",
       "      <th>BlocksCount</th>\n",
       "      <td>0.004497</td>\n",
       "      <td>-0.006090</td>\n",
       "      <td>0.260046</td>\n",
       "      <td>0.070794</td>\n",
       "      <td>1.000000</td>\n",
       "      <td>0.012670</td>\n",
       "      <td>-0.005095</td>\n",
       "      <td>0.104160</td>\n",
       "      <td>0.053388</td>\n",
       "      <td>0.049931</td>\n",
       "      <td>0.062507</td>\n",
       "    </tr>\n",
       "    <tr>\n",
       "      <th>TitleWordsCount</th>\n",
       "      <td>-0.000711</td>\n",
       "      <td>-0.006467</td>\n",
       "      <td>0.083224</td>\n",
       "      <td>0.014888</td>\n",
       "      <td>0.012670</td>\n",
       "      <td>1.000000</td>\n",
       "      <td>-0.016539</td>\n",
       "      <td>-0.003193</td>\n",
       "      <td>0.007666</td>\n",
       "      <td>0.003078</td>\n",
       "      <td>-0.015539</td>\n",
       "    </tr>\n",
       "    <tr>\n",
       "      <th>AnswerCount</th>\n",
       "      <td>0.227273</td>\n",
       "      <td>0.370084</td>\n",
       "      <td>-0.035118</td>\n",
       "      <td>-0.033123</td>\n",
       "      <td>-0.005095</td>\n",
       "      <td>-0.016539</td>\n",
       "      <td>1.000000</td>\n",
       "      <td>0.001690</td>\n",
       "      <td>0.072226</td>\n",
       "      <td>0.071079</td>\n",
       "      <td>0.255678</td>\n",
       "    </tr>\n",
       "    <tr>\n",
       "      <th>CommentCount</th>\n",
       "      <td>0.013444</td>\n",
       "      <td>0.004347</td>\n",
       "      <td>0.072458</td>\n",
       "      <td>0.020353</td>\n",
       "      <td>0.104160</td>\n",
       "      <td>-0.003193</td>\n",
       "      <td>0.001690</td>\n",
       "      <td>1.000000</td>\n",
       "      <td>0.057297</td>\n",
       "      <td>0.121405</td>\n",
       "      <td>-0.071210</td>\n",
       "    </tr>\n",
       "    <tr>\n",
       "      <th>bounty</th>\n",
       "      <td>0.039613</td>\n",
       "      <td>0.018050</td>\n",
       "      <td>0.084041</td>\n",
       "      <td>0.074357</td>\n",
       "      <td>0.053388</td>\n",
       "      <td>0.007666</td>\n",
       "      <td>0.072226</td>\n",
       "      <td>0.057297</td>\n",
       "      <td>1.000000</td>\n",
       "      <td>-0.009486</td>\n",
       "      <td>0.009829</td>\n",
       "    </tr>\n",
       "    <tr>\n",
       "      <th>tagsAggregate</th>\n",
       "      <td>-0.004158</td>\n",
       "      <td>0.004011</td>\n",
       "      <td>-0.000527</td>\n",
       "      <td>0.009334</td>\n",
       "      <td>0.049931</td>\n",
       "      <td>0.003078</td>\n",
       "      <td>0.071079</td>\n",
       "      <td>0.121405</td>\n",
       "      <td>-0.009486</td>\n",
       "      <td>1.000000</td>\n",
       "      <td>0.027496</td>\n",
       "    </tr>\n",
       "    <tr>\n",
       "      <th>isAnswered</th>\n",
       "      <td>0.032817</td>\n",
       "      <td>0.058519</td>\n",
       "      <td>-0.011782</td>\n",
       "      <td>-0.007131</td>\n",
       "      <td>0.062507</td>\n",
       "      <td>-0.015539</td>\n",
       "      <td>0.255678</td>\n",
       "      <td>-0.071210</td>\n",
       "      <td>0.009829</td>\n",
       "      <td>0.027496</td>\n",
       "      <td>1.000000</td>\n",
       "    </tr>\n",
       "  </tbody>\n",
       "</table>\n",
       "</div>"
      ],
      "text/plain": [
       "                    Score  ViewCount  WordCount  LinksCount  BlocksCount  \\\n",
       "Score            1.000000   0.577167   0.001391    0.011142     0.004497   \n",
       "ViewCount        0.577167   1.000000  -0.018125   -0.002054    -0.006090   \n",
       "WordCount        0.001391  -0.018125   1.000000    0.208272     0.260046   \n",
       "LinksCount       0.011142  -0.002054   0.208272    1.000000     0.070794   \n",
       "BlocksCount      0.004497  -0.006090   0.260046    0.070794     1.000000   \n",
       "TitleWordsCount -0.000711  -0.006467   0.083224    0.014888     0.012670   \n",
       "AnswerCount      0.227273   0.370084  -0.035118   -0.033123    -0.005095   \n",
       "CommentCount     0.013444   0.004347   0.072458    0.020353     0.104160   \n",
       "bounty           0.039613   0.018050   0.084041    0.074357     0.053388   \n",
       "tagsAggregate   -0.004158   0.004011  -0.000527    0.009334     0.049931   \n",
       "isAnswered       0.032817   0.058519  -0.011782   -0.007131     0.062507   \n",
       "\n",
       "                 TitleWordsCount  AnswerCount  CommentCount    bounty  \\\n",
       "Score                  -0.000711     0.227273      0.013444  0.039613   \n",
       "ViewCount              -0.006467     0.370084      0.004347  0.018050   \n",
       "WordCount               0.083224    -0.035118      0.072458  0.084041   \n",
       "LinksCount              0.014888    -0.033123      0.020353  0.074357   \n",
       "BlocksCount             0.012670    -0.005095      0.104160  0.053388   \n",
       "TitleWordsCount         1.000000    -0.016539     -0.003193  0.007666   \n",
       "AnswerCount            -0.016539     1.000000      0.001690  0.072226   \n",
       "CommentCount           -0.003193     0.001690      1.000000  0.057297   \n",
       "bounty                  0.007666     0.072226      0.057297  1.000000   \n",
       "tagsAggregate           0.003078     0.071079      0.121405 -0.009486   \n",
       "isAnswered             -0.015539     0.255678     -0.071210  0.009829   \n",
       "\n",
       "                 tagsAggregate  isAnswered  \n",
       "Score                -0.004158    0.032817  \n",
       "ViewCount             0.004011    0.058519  \n",
       "WordCount            -0.000527   -0.011782  \n",
       "LinksCount            0.009334   -0.007131  \n",
       "BlocksCount           0.049931    0.062507  \n",
       "TitleWordsCount       0.003078   -0.015539  \n",
       "AnswerCount           0.071079    0.255678  \n",
       "CommentCount          0.121405   -0.071210  \n",
       "bounty               -0.009486    0.009829  \n",
       "tagsAggregate         1.000000    0.027496  \n",
       "isAnswered            0.027496    1.000000  "
      ]
     },
     "execution_count": 3,
     "metadata": {},
     "output_type": "execute_result"
    }
   ],
   "source": [
    "posts.astype(float).corr().compute()"
   ]
  }
 ],
 "metadata": {
  "kernelspec": {
   "display_name": "Python 3",
   "language": "python",
   "name": "python3"
  },
  "language_info": {
   "codemirror_mode": {
    "name": "ipython",
    "version": 3
   },
   "file_extension": ".py",
   "mimetype": "text/x-python",
   "name": "python",
   "nbconvert_exporter": "python",
   "pygments_lexer": "ipython3",
   "version": "3.6.8"
  }
 },
 "nbformat": 4,
 "nbformat_minor": 2
}
